"1","20","30","45","50","100","200"
1,0.774806217918181,0.428571428571429,0.954993710457293,-0.357142857142857,0.0285714285714286,0.942857142857143
0.774806217918181,1,0.30631873731649,0.709090909090909,0.0900937462695559,0.314285714285714,0.657142857142857
0.428571428571429,0.30631873731649,1,0.30631873731649,0,0.257142857142857,0.485714285714286
0.954993710457293,0.709090909090909,0.30631873731649,1,-0.486506229855602,0.0289885517826224,0.84066800169605
-0.357142857142857,0.0900937462695559,0,-0.486506229855602,1,0.771428571428571,-0.257142857142857
0.0285714285714286,0.314285714285714,0.257142857142857,0.0289885517826224,0.771428571428571,1,0.0857142857142857
0.942857142857143,0.657142857142857,0.485714285714286,0.84066800169605,-0.257142857142857,0.0857142857142857,1
