"1","20","30","45","50","100","200"
1,0.679729420844425,0.660848048043191,0.717492166446893,0.566441184037021,0.746879028242381,0.721408419362348
0.679729420844425,1,0.3,0.918181818181818,-0.0909090909090909,0.388102932117246,0.770051379542122
0.660848048043191,0.3,1,0.327272727272727,0.5,0.746351792533165,0.215614386271794
0.717492166446893,0.918181818181818,0.327272727272727,1,-0.145454545454545,0.373175896266583,0.954863710632231
0.566441184037021,-0.0909090909090909,0.5,-0.145454545454545,1,0.64733887497015,0.0910765111078374
0.746879028242381,0.388102932117246,0.746351792533165,0.373175896266583,0.64733887497015,1,0.375183239688433
0.721408419362348,0.770051379542122,0.215614386271794,0.954863710632231,0.0910765111078374,0.375183239688433,1
