"1","20","30","45","50","100","200"
1,0.75,0.821428571428571,0.857142857142857,0.75,0.771428571428571,-0.371428571428571
0.75,1,0.785714285714286,0.857142857142857,0.571428571428571,0.885714285714286,0.0857142857142857
0.821428571428571,0.785714285714286,1,0.964285714285714,0.785714285714286,0.942857142857143,-0.485714285714286
0.857142857142857,0.857142857142857,0.964285714285714,1,0.75,1,-0.257142857142857
0.75,0.571428571428571,0.785714285714286,0.75,1,0.771428571428571,-0.485714285714286
0.771428571428571,0.885714285714286,0.942857142857143,1,0.771428571428571,1,-0.257142857142857
-0.371428571428571,0.0857142857142857,-0.485714285714286,-0.257142857142857,-0.485714285714286,-0.257142857142857,1
