"1","20","30","45","50","100","200"
1,0.142857142857143,0.535714285714286,0.857142857142857,0.464285714285714,0.371428571428571,0.714285714285714
0.142857142857143,1,0.75,0.321428571428571,-0.142857142857143,-0.428571428571429,0.371428571428571
0.535714285714286,0.75,1,0.607142857142857,0.214285714285714,-0.6,0.485714285714286
0.857142857142857,0.321428571428571,0.607142857142857,1,0.214285714285714,0.142857142857143,0.828571428571429
0.464285714285714,-0.142857142857143,0.214285714285714,0.214285714285714,1,0.314285714285714,0.314285714285714
0.371428571428571,-0.428571428571429,-0.6,0.142857142857143,0.314285714285714,1,0.314285714285714
0.714285714285714,0.371428571428571,0.485714285714286,0.828571428571429,0.314285714285714,0.314285714285714,1
