"1","20","30","45","50","100","200"
1,0.991031208965115,0.928571428571429,0.75,0.900937462695559,0.771428571428571,0.771428571428571
0.991031208965115,1,0.954993710457293,0.720749970156447,0.936363636363636,0.811679449913428,0.811679449913428
0.928571428571429,0.954993710457293,1,0.535714285714286,0.91895621194947,0.771428571428571,0.771428571428571
0.75,0.720749970156447,0.535714285714286,1,0.630656223886891,0.485714285714286,0.485714285714286
0.900937462695559,0.936363636363636,0.91895621194947,0.630656223886891,1,0.898645105261295,0.898645105261295
0.771428571428571,0.811679449913428,0.771428571428571,0.485714285714286,0.898645105261295,1,1
0.771428571428571,0.811679449913428,0.771428571428571,0.485714285714286,0.898645105261295,1,1
